//! Rgb to XYZ and XYZ to Rgb conversion matrices for all observers and color spaces used in this library.
//!
//! This file is automatically generated from the xtask template - **do not edit this file manually**.
//! Instead, run `cargo xtask gen` to regenerate it.
//! Generated on: 2025-07-02
//! Generated by: xtask/src/rgbxyz.rs

use crate::{observer::Observer, rgb::RgbSpace};
use nalgebra::{ArrayStorage, Matrix3};

impl Observer {
    /// Returns the XYZ to Rgb conversion matrix for the given RGB space.
    pub fn xyz2rgb_matrix(&self, rgb_space: RgbSpace) -> &'static Matrix3<f64> {
        match (self, rgb_space) {
            (Observer::Cie1931, RgbSpace::SRGB) => &XYZ2RGB_CIE1931_SRGB,
            (Observer::Cie1931, RgbSpace::Adobe) => &XYZ2RGB_CIE1931_ADOBE,
            (Observer::Cie1931, RgbSpace::DisplayP3) => &XYZ2RGB_CIE1931_DISPLAYP3,
            #[cfg(feature = "supplemental-observers")]
            (Observer::Cie1964, RgbSpace::SRGB) => &XYZ2RGB_CIE1964_SRGB,
            #[cfg(feature = "supplemental-observers")]
            (Observer::Cie1964, RgbSpace::Adobe) => &XYZ2RGB_CIE1964_ADOBE,
            #[cfg(feature = "supplemental-observers")]
            (Observer::Cie1964, RgbSpace::DisplayP3) => &XYZ2RGB_CIE1964_DISPLAYP3,
            #[cfg(feature = "supplemental-observers")]
            (Observer::Cie2015, RgbSpace::SRGB) => &XYZ2RGB_CIE2015_SRGB,
            #[cfg(feature = "supplemental-observers")]
            (Observer::Cie2015, RgbSpace::Adobe) => &XYZ2RGB_CIE2015_ADOBE,
            #[cfg(feature = "supplemental-observers")]
            (Observer::Cie2015, RgbSpace::DisplayP3) => &XYZ2RGB_CIE2015_DISPLAYP3,
            #[cfg(feature = "supplemental-observers")]
            (Observer::Cie2015_10, RgbSpace::SRGB) => &XYZ2RGB_CIE2015_10_SRGB,
            #[cfg(feature = "supplemental-observers")]
            (Observer::Cie2015_10, RgbSpace::Adobe) => &XYZ2RGB_CIE2015_10_ADOBE,
            #[cfg(feature = "supplemental-observers")]
            (Observer::Cie2015_10, RgbSpace::DisplayP3) => &XYZ2RGB_CIE2015_10_DISPLAYP3,
        }
    }
}

impl Observer {
    /// Returns the RGB to XYZ conversion matrix for the given RGB space.
    pub fn rgb2xyz_matrix(&self, rgb_space: RgbSpace) -> &'static Matrix3<f64> {
        match (self, rgb_space) {
            (Observer::Cie1931, RgbSpace::SRGB) => &RGB2XYZ_CIE1931_SRGB,
            (Observer::Cie1931, RgbSpace::Adobe) => &RGB2XYZ_CIE1931_ADOBE,
            (Observer::Cie1931, RgbSpace::DisplayP3) => &RGB2XYZ_CIE1931_DISPLAYP3,
            #[cfg(feature = "supplemental-observers")]
            (Observer::Cie1964, RgbSpace::SRGB) => &RGB2XYZ_CIE1964_SRGB,
            #[cfg(feature = "supplemental-observers")]
            (Observer::Cie1964, RgbSpace::Adobe) => &RGB2XYZ_CIE1964_ADOBE,
            #[cfg(feature = "supplemental-observers")]
            (Observer::Cie1964, RgbSpace::DisplayP3) => &RGB2XYZ_CIE1964_DISPLAYP3,
            #[cfg(feature = "supplemental-observers")]
            (Observer::Cie2015, RgbSpace::SRGB) => &RGB2XYZ_CIE2015_SRGB,
            #[cfg(feature = "supplemental-observers")]
            (Observer::Cie2015, RgbSpace::Adobe) => &RGB2XYZ_CIE2015_ADOBE,
            #[cfg(feature = "supplemental-observers")]
            (Observer::Cie2015, RgbSpace::DisplayP3) => &RGB2XYZ_CIE2015_DISPLAYP3,
            #[cfg(feature = "supplemental-observers")]
            (Observer::Cie2015_10, RgbSpace::SRGB) => &RGB2XYZ_CIE2015_10_SRGB,
            #[cfg(feature = "supplemental-observers")]
            (Observer::Cie2015_10, RgbSpace::Adobe) => &RGB2XYZ_CIE2015_10_ADOBE,
            #[cfg(feature = "supplemental-observers")]
            (Observer::Cie2015_10, RgbSpace::DisplayP3) => &RGB2XYZ_CIE2015_10_DISPLAYP3,
        }
    }
}

static RGB2XYZ_CIE1931_SRGB: Matrix3<f64> = Matrix3::from_array_storage(ArrayStorage([
    [
        0.41242975695540546,
        0.21265288450346725,
        0.01933570434620356,
    ],
    [0.3575881732879255, 0.7151833134762361, 0.1191997668065201],
    [0.18040474381802818, 0.07216380202029657, 0.9500748977598694],
]));
static XYZ2RGB_CIE1931_SRGB: Matrix3<f64> = Matrix3::from_array_storage(ArrayStorage([
    [
        3.2406225166833513,
        -0.9691835457656894,
        0.055644029863622255,
    ],
    [
        -1.5371957188289074,
        1.8759059061587184,
        -0.20407311801157116,
    ],
    [
        -0.49858623084355524,
        0.041546913414016236,
        1.057483115838897,
    ],
]));
static RGB2XYZ_CIE1931_ADOBE: Matrix3<f64> = Matrix3::from_array_storage(ArrayStorage([
    [0.576714240473478, 0.297359598095566, 0.02703775820726303],
    [0.18555716602722555, 0.627377908608744, 0.07070179152448658],
    [0.18815126756065567, 0.07526249329568993, 0.9908708191808434],
]));
static XYZ2RGB_CIE1931_ADOBE: Matrix3<f64> = Matrix3::from_array_storage(ArrayStorage([
    [
        2.0414075362144897,
        -0.9691848583424916,
        0.013450520693776969,
    ],
    [-0.5649304251946436, 1.875904965985251, -0.11843685410984521],
    [-0.3447220432178288, 0.04154803272274215, 1.0156549799065273],
]));
static RGB2XYZ_CIE1931_DISPLAYP3: Matrix3<f64> = Matrix3::from_array_storage(ArrayStorage([
    [
        0.4866597022967488,
        0.22908339817175405,
        0.0001477419397538108,
    ],
    [0.2656438033937417, 0.6916668429795408, 0.04509733263176302],
    [0.19811916837086868, 0.07924975884870518, 1.0433652943410763],
]));
static XYZ2RGB_CIE1931_DISPLAYP3: Matrix3<f64> = Matrix3::from_array_storage(ArrayStorage([
    [2.4933546135182727, -0.8298788124700465, 0.03551588209606511],
    [
        -0.9313495782125705,
        1.7629650355725093,
        -0.07606790957300462,
    ],
    [-0.40270803467844946, 0.02367319334905021, 0.95747126919982],
]));
#[cfg(feature = "supplemental-observers")]
static RGB2XYZ_CIE1964_SRGB: Matrix3<f64> = Matrix3::from_array_storage(ArrayStorage([
    [0.3697641509360967, 0.1944882593891977, 0.019166370822843396],
    [0.39546626804739093, 0.7029309841017863, 0.10007329312665136],
    [0.18287689662262666, 0.10258075650901596, 0.9538001474980816],
]));
#[cfg(feature = "supplemental-observers")]
static XYZ2RGB_CIE1964_SRGB: Matrix3<f64> = Matrix3::from_array_storage(ArrayStorage([
    [3.8243603258987666, -1.0631939928649097, 0.03470258171712555],
    [-2.079009959690481, 2.022712239635388, -0.1704472395361757],
    [
        -0.5096672495747322,
        -0.013690623213337838,
        1.0601156890775612,
    ],
]));
#[cfg(feature = "supplemental-observers")]
static RGB2XYZ_CIE1964_ADOBE: Matrix3<f64> = Matrix3::from_array_storage(ArrayStorage([
    [
        0.5364881185913286,
        0.28218160171467055,
        0.027808348096860346,
    ],
    [0.22123024482474418, 0.6110239201019276, 0.0522519561820725],
    [0.19038895219004148, 0.10679447818340178, 0.9929795071686434],
]));
#[cfg(feature = "supplemental-observers")]
static XYZ2RGB_CIE1964_ADOBE: Matrix3<f64> = Matrix3::from_array_storage(ArrayStorage([
    [2.30546005969146, -1.063197414257507, -0.0086165300913582],
    [-0.804321267391183, 2.0227133853400816, -0.08391332555255489],
    [
        -0.3555333943028292,
        -0.01368865512994846,
        1.0177465127561713,
    ],
]));
#[cfg(feature = "supplemental-observers")]
static RGB2XYZ_CIE1964_DISPLAYP3: Matrix3<f64> = Matrix3::from_array_storage(ArrayStorage([
    [0.4366555878332528, 0.2126063269337179, 5.43606165782478e-6],
    [0.31199124467131506, 0.6755107199536641, 0.03274201634139542],
    [0.19946048310154646, 0.111882953112618, 1.0402923590445228],
]));
#[cfg(feature = "supplemental-observers")]
static XYZ2RGB_CIE1964_DISPLAYP3: Matrix3<f64> = Matrix3::from_array_storage(ArrayStorage([
    [
        2.9417573876555605,
        -0.9307192839562028,
        0.029279185082991807,
    ],
    [
        -1.3383155383992325,
        1.9115372817561858,
        -0.060157015627890095,
    ],
    [
        -0.4201014437860301,
        -0.027133975188527004,
        0.9621245968659203,
    ],
]));
#[cfg(feature = "supplemental-observers")]
static RGB2XYZ_CIE2015_SRGB: Matrix3<f64> = Matrix3::from_array_storage(ArrayStorage([
    [
        0.41468609931686107,
        0.2188593355161146,
        0.019948220581938198,
    ],
    [0.3614723958602323, 0.6973439689489354, 0.09901919594261625],
    [0.17139314176990886, 0.08379669553494994, 0.9564382233675702],
]));
#[cfg(feature = "supplemental-observers")]
static XYZ2RGB_CIE2015_SRGB: Matrix3<f64> = Matrix3::from_array_storage(ArrayStorage([
    [3.3030894254807444, -1.0413397655448664, 0.03891772847272613],
    [
        -1.6486360836764442,
        1.9718301700434822,
        -0.16975659583826427,
    ],
    [
        -0.44746826035517845,
        0.013848146640867046,
        1.0534450400604463,
    ],
]));
#[cfg(feature = "supplemental-observers")]
static RGB2XYZ_CIE2015_ADOBE: Matrix3<f64> = Matrix3::from_array_storage(ArrayStorage([
    [0.5799289050032347, 0.3060697115352649, 0.02789712444642832],
    [0.18944117319453113, 0.6068146333441987, 0.05318837096892245],
    [0.17818155874923633, 0.08711565512053623, 0.9943201444767737],
]));
#[cfg(feature = "supplemental-observers")]
static XYZ2RGB_CIE2015_ADOBE: Matrix3<f64> = Matrix3::from_array_storage(ArrayStorage([
    [
        2.0652042013314733,
        -1.0413421115084787,
        -0.0022388138402437475,
    ],
    [
        -0.6170343222928625,
        1.9718304340863149,
        -0.08816508834095556,
    ],
    [-0.316023667411678, 0.013849102921534628, 1.0138381066091329],
]));
#[cfg(feature = "supplemental-observers")]
static RGB2XYZ_CIE2015_DISPLAYP3: Matrix3<f64> = Matrix3::from_array_storage(ArrayStorage([
    [
        0.49025452815924486,
        0.23808347678973463,
        1.3545949201321601e-5,
    ],
    [0.27037747969543247, 0.6705286935292922, 0.03231022896613038],
    [0.18691962909232487, 0.09138782968097317, 1.043081864976793],
]));
#[cfg(feature = "supplemental-observers")]
static XYZ2RGB_CIE2015_DISPLAYP3: Matrix3<f64> = Matrix3::from_array_storage(ArrayStorage([
    [2.525836545369587, -0.900639892729424, 0.027863881480509216],
    [
        -1.0009067696634588,
        1.8545768739903303,
        -0.05743303604496318,
    ],
    [
        -0.3649363129595554,
        -0.0010914411438835718,
        0.9587361047086808,
    ],
]));
#[cfg(feature = "supplemental-observers")]
static RGB2XYZ_CIE2015_10_SRGB: Matrix3<f64> = Matrix3::from_array_storage(ArrayStorage([
    [0.3675348425856119, 0.1908642818048551, 0.019348522321998084],
    [0.3965204183523156, 0.7008166116600874, 0.09163600947493737],
    [0.18315164065981338, 0.10831910653505754, 0.9604503037078596],
]));
#[cfg(feature = "supplemental-observers")]
static XYZ2RGB_CIE2015_10_SRGB: Matrix3<f64> = Matrix3::from_array_storage(ArrayStorage([
    [
        3.8422092691193495,
        -1.0499255850742863,
        0.022768570738379925,
    ],
    [-2.1092101957116522, 2.024627642680196, -0.15067694371161192],
    [
        -0.4948105293023653,
        -0.028121891686137157,
        1.0538300448727391,
    ],
]));
#[cfg(feature = "supplemental-observers")]
static RGB2XYZ_CIE2015_10_ADOBE: Matrix3<f64> = Matrix3::from_array_storage(ArrayStorage([
    [0.534929871695446, 0.2777940862935522, 0.028160874464009496],
    [0.221428545824432, 0.609334758392685, 0.04246128016924924],
    [0.19084848407786292, 0.1128711553137628, 1.000812680871536],
]));
#[cfg(feature = "supplemental-observers")]
static XYZ2RGB_CIE2015_10_ADOBE: Matrix3<f64> = Matrix3::from_array_storage(ArrayStorage([
    [
        2.3113220105076535,
        -1.0499290158128394,
        -0.02049144365378652,
    ],
    [-0.8156181467767832, 2.024631508277941, -0.0629480790533383],
    [
        -0.3487679988334707,
        -0.02812246659564844,
        1.0101944755606365,
    ],
]));
#[cfg(feature = "supplemental-observers")]
static RGB2XYZ_CIE2015_10_DISPLAYP3: Matrix3<f64> = Matrix3::from_array_storage(ArrayStorage([
    [0.4344835057794501, 0.20863761903068528, 9.63443711246293e-6],
    [
        0.31321892856966754,
        0.6733719247316755,
        0.025220397934524942,
    ],
    [0.1995044672486232, 0.11799045623763911, 1.0462048031331574],
]));
#[cfg(feature = "supplemental-observers")]
static XYZ2RGB_CIE2015_10_DISPLAYP3: Matrix3<f64> = Matrix3::from_array_storage(ArrayStorage([
    [
        2.9540403782707876,
        -0.9191592433991987,
        0.022129177087420807,
    ],
    [-1.3587130767509432, 1.914130650575217, -0.04612937987941126],
    [
        -0.41008054415787665,
        -0.04059656545921312,
        0.9568181629664576,
    ],
]));
