//! Rgb to XYZ and XYZ to Rgb conversion matrices for all observers and color spaces used in this library.
//!
//! This file is automatically generated from the xtask template - **do not edit this file manually**.
//! Instead, run `cargo xtask gen` to regenerate it.
//! Generated on: 2025-06-29
//! Generated by: xtask/src/rgbxyz.rs

use crate::{observer::Observer, rgb::RgbSpace};
use nalgebra::{ArrayStorage, Matrix3};

impl Observer {
    /// Returns the XYZ to Rgb conversion matrix for the given RGB space.
    pub fn xyz2rgb_matrix(&self, rgb_space: RgbSpace) -> &'static Matrix3<f64> {
        match (self, rgb_space) {
            (Observer::Cie1931, RgbSpace::SRGB) => &XYZ2RGB_CIE1931_SRGB,
            (Observer::Cie1931, RgbSpace::Adobe) => &XYZ2RGB_CIE1931_ADOBE,
            (Observer::Cie1931, RgbSpace::DisplayP3) => &XYZ2RGB_CIE1931_DISPLAYP3,
            #[cfg(feature = "supplemental-observers")]
            (Observer::Cie1964, RgbSpace::SRGB) => &XYZ2RGB_CIE1964_SRGB,
            #[cfg(feature = "supplemental-observers")]
            (Observer::Cie1964, RgbSpace::Adobe) => &XYZ2RGB_CIE1964_ADOBE,
            #[cfg(feature = "supplemental-observers")]
            (Observer::Cie1964, RgbSpace::DisplayP3) => &XYZ2RGB_CIE1964_DISPLAYP3,
            #[cfg(feature = "supplemental-observers")]
            (Observer::Cie2015, RgbSpace::SRGB) => &XYZ2RGB_CIE2015_SRGB,
            #[cfg(feature = "supplemental-observers")]
            (Observer::Cie2015, RgbSpace::Adobe) => &XYZ2RGB_CIE2015_ADOBE,
            #[cfg(feature = "supplemental-observers")]
            (Observer::Cie2015, RgbSpace::DisplayP3) => &XYZ2RGB_CIE2015_DISPLAYP3,
            #[cfg(feature = "supplemental-observers")]
            (Observer::Cie2015_10, RgbSpace::SRGB) => &XYZ2RGB_CIE2015_10_SRGB,
            #[cfg(feature = "supplemental-observers")]
            (Observer::Cie2015_10, RgbSpace::Adobe) => &XYZ2RGB_CIE2015_10_ADOBE,
            #[cfg(feature = "supplemental-observers")]
            (Observer::Cie2015_10, RgbSpace::DisplayP3) => &XYZ2RGB_CIE2015_10_DISPLAYP3,
        }
    }
}

impl Observer {
    /// Returns the RGB to XYZ conversion matrix for the given RGB space.
    pub fn rgb2xyz_matrix(&self, rgb_space: RgbSpace) -> &'static Matrix3<f64> {
        match (self, rgb_space) {
            (Observer::Cie1931, RgbSpace::SRGB) => &RGB2XYZ_CIE1931_SRGB,
            (Observer::Cie1931, RgbSpace::Adobe) => &RGB2XYZ_CIE1931_ADOBE,
            (Observer::Cie1931, RgbSpace::DisplayP3) => &RGB2XYZ_CIE1931_DISPLAYP3,
            #[cfg(feature = "supplemental-observers")]
            (Observer::Cie1964, RgbSpace::SRGB) => &RGB2XYZ_CIE1964_SRGB,
            #[cfg(feature = "supplemental-observers")]
            (Observer::Cie1964, RgbSpace::Adobe) => &RGB2XYZ_CIE1964_ADOBE,
            #[cfg(feature = "supplemental-observers")]
            (Observer::Cie1964, RgbSpace::DisplayP3) => &RGB2XYZ_CIE1964_DISPLAYP3,
            #[cfg(feature = "supplemental-observers")]
            (Observer::Cie2015, RgbSpace::SRGB) => &RGB2XYZ_CIE2015_SRGB,
            #[cfg(feature = "supplemental-observers")]
            (Observer::Cie2015, RgbSpace::Adobe) => &RGB2XYZ_CIE2015_ADOBE,
            #[cfg(feature = "supplemental-observers")]
            (Observer::Cie2015, RgbSpace::DisplayP3) => &RGB2XYZ_CIE2015_DISPLAYP3,
            #[cfg(feature = "supplemental-observers")]
            (Observer::Cie2015_10, RgbSpace::SRGB) => &RGB2XYZ_CIE2015_10_SRGB,
            #[cfg(feature = "supplemental-observers")]
            (Observer::Cie2015_10, RgbSpace::Adobe) => &RGB2XYZ_CIE2015_10_ADOBE,
            #[cfg(feature = "supplemental-observers")]
            (Observer::Cie2015_10, RgbSpace::DisplayP3) => &RGB2XYZ_CIE2015_10_DISPLAYP3,
        }
    }
}

static RGB2XYZ_CIE1931_SRGB: Matrix3<f64> = Matrix3::from_array_storage(ArrayStorage([
    [0.412430, 0.212653, 0.019336],
    [0.357588, 0.715183, 0.119200],
    [0.180405, 0.072164, 0.950075],
]));
static XYZ2RGB_CIE1931_SRGB: Matrix3<f64> = Matrix3::from_array_storage(ArrayStorage([
    [3.240624, -0.969183, 0.055645],
    [-1.537197, 1.875905, -0.204073],
    [-0.498586, 0.041547, 1.057483],
]));
static RGB2XYZ_CIE1931_ADOBE: Matrix3<f64> = Matrix3::from_array_storage(ArrayStorage([
    [0.576714, 0.297360, 0.027038],
    [0.185557, 0.627378, 0.070702],
    [0.188151, 0.075262, 0.990871],
]));
static XYZ2RGB_CIE1931_ADOBE: Matrix3<f64> = Matrix3::from_array_storage(ArrayStorage([
    [2.041406, -0.969183, 0.013451],
    [-0.564931, 1.875905, -0.118437],
    [-0.344722, 0.041547, 1.015655],
]));
static RGB2XYZ_CIE1931_DISPLAYP3: Matrix3<f64> = Matrix3::from_array_storage(ArrayStorage([
    [0.486660, 0.229083, 0.000148],
    [0.265644, 0.691667, 0.045097],
    [0.198119, 0.079250, 1.043365],
]));
static XYZ2RGB_CIE1931_DISPLAYP3: Matrix3<f64> = Matrix3::from_array_storage(ArrayStorage([
    [2.493357, -0.829881, 0.035517],
    [-0.931350, 1.762966, -0.076069],
    [-0.402709, 0.023674, 0.957471],
]));
#[cfg(feature = "supplemental-observers")]
static RGB2XYZ_CIE1964_SRGB: Matrix3<f64> = Matrix3::from_array_storage(ArrayStorage([
    [0.369764, 0.194488, 0.019166],
    [0.395466, 0.702931, 0.100073],
    [0.182877, 0.102581, 0.953800],
]));
#[cfg(feature = "supplemental-observers")]
static XYZ2RGB_CIE1964_SRGB: Matrix3<f64> = Matrix3::from_array_storage(ArrayStorage([
    [3.824362, -1.063196, 0.034702],
    [-2.079012, 2.022714, -0.170447],
    [-0.509667, -0.013690, 1.060116],
]));
#[cfg(feature = "supplemental-observers")]
static RGB2XYZ_CIE1964_ADOBE: Matrix3<f64> = Matrix3::from_array_storage(ArrayStorage([
    [0.536488, 0.282182, 0.027808],
    [0.221230, 0.611024, 0.052252],
    [0.190389, 0.106794, 0.992980],
]));
#[cfg(feature = "supplemental-observers")]
static XYZ2RGB_CIE1964_ADOBE: Matrix3<f64> = Matrix3::from_array_storage(ArrayStorage([
    [2.305460, -1.063196, -0.008617],
    [-0.804322, 2.022714, -0.083913],
    [-0.355533, -0.013690, 1.017747],
]));
#[cfg(feature = "supplemental-observers")]
static RGB2XYZ_CIE1964_DISPLAYP3: Matrix3<f64> = Matrix3::from_array_storage(ArrayStorage([
    [0.436656, 0.212606, 0.000005],
    [0.311991, 0.675511, 0.032742],
    [0.199460, 0.111883, 1.040292],
]));
#[cfg(feature = "supplemental-observers")]
static XYZ2RGB_CIE1964_DISPLAYP3: Matrix3<f64> = Matrix3::from_array_storage(ArrayStorage([
    [2.941764, -0.930723, 0.029278],
    [-1.338320, 1.911540, -0.060157],
    [-0.420103, -0.027133, 0.962124],
]));
#[cfg(feature = "supplemental-observers")]
static RGB2XYZ_CIE2015_SRGB: Matrix3<f64> = Matrix3::from_array_storage(ArrayStorage([
    [0.414686, 0.218859, 0.019948],
    [0.361472, 0.697344, 0.099019],
    [0.171393, 0.083797, 0.956438],
]));
#[cfg(feature = "supplemental-observers")]
static XYZ2RGB_CIE2015_SRGB: Matrix3<f64> = Matrix3::from_array_storage(ArrayStorage([
    [3.303092, -1.041342, 0.038917],
    [-1.648639, 1.971832, -0.169757],
    [-0.447469, 0.013849, 1.053445],
]));
#[cfg(feature = "supplemental-observers")]
static RGB2XYZ_CIE2015_ADOBE: Matrix3<f64> = Matrix3::from_array_storage(ArrayStorage([
    [0.579929, 0.306070, 0.027897],
    [0.189441, 0.606815, 0.053188],
    [0.178182, 0.087116, 0.994320],
]));
#[cfg(feature = "supplemental-observers")]
static XYZ2RGB_CIE2015_ADOBE: Matrix3<f64> = Matrix3::from_array_storage(ArrayStorage([
    [2.065205, -1.041342, -0.002239],
    [-0.617035, 1.971832, -0.088166],
    [-0.316023, 0.013849, 1.013838],
]));
#[cfg(feature = "supplemental-observers")]
static RGB2XYZ_CIE2015_DISPLAYP3: Matrix3<f64> = Matrix3::from_array_storage(ArrayStorage([
    [0.490255, 0.238083, 0.000014],
    [0.270377, 0.670529, 0.032310],
    [0.186920, 0.091388, 1.043082],
]));
#[cfg(feature = "supplemental-observers")]
static XYZ2RGB_CIE2015_DISPLAYP3: Matrix3<f64> = Matrix3::from_array_storage(ArrayStorage([
    [2.525842, -0.900644, 0.027865],
    [-1.000911, 1.854580, -0.057434],
    [-0.364936, -0.001091, 0.958736],
]));
#[cfg(feature = "supplemental-observers")]
static RGB2XYZ_CIE2015_10_SRGB: Matrix3<f64> = Matrix3::from_array_storage(ArrayStorage([
    [0.367535, 0.190864, 0.019349],
    [0.396520, 0.700817, 0.091636],
    [0.183152, 0.108319, 0.960450],
]));
#[cfg(feature = "supplemental-observers")]
static XYZ2RGB_CIE2015_10_SRGB: Matrix3<f64> = Matrix3::from_array_storage(ArrayStorage([
    [3.842216, -1.049930, 0.022771],
    [-2.109217, 2.024632, -0.150678],
    [-0.494809, -0.028122, 1.053829],
]));
#[cfg(feature = "supplemental-observers")]
static RGB2XYZ_CIE2015_10_ADOBE: Matrix3<f64> = Matrix3::from_array_storage(ArrayStorage([
    [0.534930, 0.277794, 0.028161],
    [0.221429, 0.609335, 0.042461],
    [0.190848, 0.112871, 1.000813],
]));
#[cfg(feature = "supplemental-observers")]
static XYZ2RGB_CIE2015_10_ADOBE: Matrix3<f64> = Matrix3::from_array_storage(ArrayStorage([
    [2.311322, -1.049930, -0.020491],
    [-0.815616, 2.024632, -0.062949],
    [-0.348769, -0.028122, 1.010195],
]));
#[cfg(feature = "supplemental-observers")]
static RGB2XYZ_CIE2015_10_DISPLAYP3: Matrix3<f64> = Matrix3::from_array_storage(ArrayStorage([
    [0.434484, 0.208638, 0.000010],
    [0.313219, 0.673372, 0.025220],
    [0.199504, 0.117990, 1.046205],
]));
#[cfg(feature = "supplemental-observers")]
static XYZ2RGB_CIE2015_10_DISPLAYP3: Matrix3<f64> = Matrix3::from_array_storage(ArrayStorage([
    [2.954042, -0.919159, 0.022131],
    [-1.358714, 1.914130, -0.046131],
    [-0.410082, -0.040597, 0.956818],
]));
